(111111116Δῦ mm

westminster-mo
nobey 61, nunt in 1116161.

66011611 holdthm 1111176,1. 118. ’

616161 116 61666161 61 6161116166
11616611 in nomn.

661166166161 66 Hugh 61 11116611 61,

{lm «thelegotes 66111 1167,
’ 4

6616166161 61 11161616 61, 11. 79.
666666166161 6111161666 66, 11. 97.
(16611166611611 66πί61116166661666
nt, il. 668.
61166 61 66 nichao· 6616166166, 11.
79.
7761616161666, 1111161616 11111661 11 1176,
1 166, mdiu 1116166.
Hugh 116166161 11 6166166 66 1111161661
16 to william stuteville, ii. 264.
17611616716661616161
116116 11 166161 16116 11116 111616 11
11761. 66.

166611661611611611. 1166116161. 106.

gina 16 willinn 116-11166111, 1 166.
1111116, 11161616, 61161 61]1111116,11666

61161 61,1. 166.
mmm, 11 Gallum, 66161161 vivian
61116161 66, 1. 167.
166 6611 6166166 1666661116661 616
11616166166666, 1 167.
1711111611, 1711111161, 111166 61, 6666161
116116 11 61 161111 1176, 1. 96.

616 661161116116161 111176,1. 111.

6666166 116 866111 6666161. 146,164.

11 116661666 by 66161161 vivon, 1.

166, 167.
John, elect 61, 16 66 16616161 6616-
16116111. 70.

- 16 66116616666, 11 87.

- 6166116 (16611166 61166611. 88.
Wloklow given 16 Hugh 66 laoy, 1. 164.
11161111 16666166 to (1661166 by 11161616,

11 106.
111611, 6166161 61 blood 111 116 1616 61,· 1.
177.

1111116111,1161616116;1611661Ε161616, Ι
1. 3681 11. 86, 200.

william 11,11611111,11116 61 116611161610. .

616

· 11111161111166186616161616611116116,

1. 314.

66661161 61666616 66 Em! 1170 66
77116161, 1 4.
‹1⁰9⁸th 6 2¹10 mgnum,
hsgssoroniuoffloethnberhnofln
jol? ht 1111611161 6661116 Η6116 u,
16161111 6611161 66611111 111111. 46.
116161 6 11661 6111 16161616 66 laoy,
1161611111 1166111166 61 17611611,
11111111161611111611616111.
16616666 1161116161 il.
1616111666111161166111111611111·
166116, 6116 16616666 11661661. 66.
16666661661666111616661116161
116161. 66, 67.
Η6116ω616661161661611116666116,
16111ιώ1666 11611 6116 6666666161 616

16 brought 16 York 616 66161111 116
6666116616166.

16 16161166 Gallum, 1. 99.

6666161 1166611611 61 116161616661,
.1176,1.111.

16166 to 616 6666166111616166166,
1. 117.

116611611661111. 116.

66116611 116 1616 61 11611666] 66 111-
1116 66116116 11, 1. 176.

6616161 6 66111611 66 6116166661 11
1111, 1111.

616 6611166 1166616161, chrima
11761141.

116166 Hugh, 116 61661611,116166 61
61116166661760.

is threatened 66111 61661111111666161
1611666661666.

6611111166 66 1666616 Hugh, 1. 264.

seiza the 166 61 S. ,4161661 616
16111161116 relations 61 116 11661
6616166161266.

 

