6611411611 61 6161616166. 555

Efflov. Heme. Bouquet MNov. Hm.. - Bouquet

voL. 11. vonn.
140 511 11116666 164 666 xvii. 515
141 666 ,, 616 166 616 ,, 661
146 664 ,, 166 611 ,,
146 666 „511 161 616 ,;
144 661 ,, 166 616 „515
145 515 ,‚ 166 614 ,,
146 519 „511 166 616 ,,
141 666 ,, 161 616 „519
146 661 ,, 166 616 ·„ 550
149 661 ,, 616 166 616 „591
150 631 ,‚ 164 616 ,,
151 666 ,, 195 666 ,,
634 1, 196 551 ,1
666 ,, ιζ 666 ,,
636 1, 1 663 ,1
667 ,, 199 664 1,
666 ,, 666 666 ,,
559 „ 101
646 ,, 666
641 ,, 666
19 20⁴
646 ,, 105
,1 105
545 „ 661
,1 108
109
110
111
111
616
614
616
616
611
616
616
110 ·
111
111
666
664
r 115
115
661

 

