common OF mammon.

mNov. Eum Bouquet

vol.. 1.
151
152
151
154
155
155
151
155
159
150
151
155
159
154
155
155
151
155
159
110
111
115
119
114
115
115
111
115
119
150
151
1155
155
154
155
155
187
155
159
190Ι
191
195
,195
194

190 1111. 168
191 ,,

195 ,,

194 ,,

¹96 „
19⁷ „
195 ,,
199 ,,
501 ,,
202 „
505 ,,
505 ,,

900. 1.
195

911

549 ”1111172

250

,, 115

551 ,,

253 .

254
255
256
257
259

J} 114
,, 115
,, 115

5503

262
264
265
267
2ω
278

275

2⁷⁷ 1:

ζζ 111
,, 115

78
268 12
2⁷1 :3
2⁷4 1:

 

