3⁵2

(1111111111 nmnx.

Ρ11181Η13188,1111181811)111111-8811 Ρ11181Η13118,111181811)1111111-8811.

18118881 118 811811 81 1111111111.

111111811181181118818111388111181118
8811811178. ,

181181811181818 18,1188.

8181111118811118111181101811111.
1180

1111181 1113111. 141.

18 i· ordered 18 emmunim 118
[11381888111888.

111818118811811 11 1181813111 11
11811188.

111 11 1118111811ι 11111 11181111 118
Ision 11 1118181111 181.

818811111888811111818131188181Ι

1111888811 888111. 881.

8111 88811118 11881 11 1118111181, 1.
182.

111188 1181111181 Roget, i. 888.

1111111811811811111811188811118
81 1181111181 noges· 183181, 1.
181.

118188111818811881881111181·
11111811 8118111. 818.

keep· 81118111 1184 st 11111181,
1888.

81111111 81 April 18 11 118181, 118
11181 11 witsand, i. 881.

11881111181113111811 April 1188 18
8811881118 118 81111111. 844.

11181 11 Dm, 11111 18181111 11111111
81 11111 811811, 1 841.

111111888118118111111181813111
September, i. 881·

111811118 8811881 118811181111111811
88811118, ii. 44.

118811 william 118 1181 11 1111311111,
ii. 44.

11 11 118 1111111311 81 Andre! 81
ommni, 11 78.

1118811118111188188118181118811181
81 18111, ii. 77.

11 11 118 8818111181, it 781 11111113 81
118 111131 113111 11118, 81, 881 buy·
the 111181 81 81818138, 871 118
118 81118811 81 1181111181118,
881 118 1181111181111118, 87, 811

81881 *effi 0881111· elaeon,
8111181181118111818188111,1881
181881881 111 1111811. 118 111 1111
1111118381 881111188,1811111 118
1111181111111111811118181811111181,
18813881 18 1181111181,1811 11-
11111 118 118811 118 8111881181 11
11111811 18 3881 18 novun,
1881111111 8811181 1818181181
i· 1111118388 1101811811Π1, 1481
818818811 08181118 m 18 11118
mmmm 888
10911Ἀ1811111111111111311111Ψ1111111
Ῑ10113011111111,1181111116811 81 the
1881111181 81 118 8111881181, 8181
mmhinppnla 881118ῦωῦ81,
1181181881111118118811111818,
1871111 88111118 118 exeommu-
11811181, 811, 187 1 88811 18 submit
18 1111111181,1881 3818 11118118188
munuca, 118, 118, 1481 i· 1888
into Nomdy, 2⁴73 but intima
118 1818811811 81 111 8811111111
18181818388184813881 18 Puris,
m, 11111οἼ818111,110.
1113118181 11811181,811188118181
1811111181 11111881. 841.
11181118, 1811181181 118111181,11181
18111181 81181111 881 11811188
111111111101, 11, 111 tppnbnguintt
Μογ,881181811888118111811,
10031mmmunimedbyoeufiey
11811181188 1101811811 111, 1481
1811181811 81 111 quaml 111111
11881181, 111, 118.
fleury 88, 181 81 118 11111811 os
1811111181.
-11111181118188181111811188
-31181111118111811111111111813-
emp, ii. 188.
-111111181 1111111 111, 111.
11181118 (18.111181 81 11131, 88111 81
11111871. 8881111.

11181111888111111 88,11111188118181118

kingdom 81 1111811811. 188.
(18811181 11,1. 178,178.

 

